cityid
1000
1002
1004
1008
1014
1020
1022
1024
104
1045
1061
1068
1071
1084
1093
1101
1108
1119
113
1130
1141
1152
1161
1166
1169
1177
1185
1194
1208
1220
1233
124
1241
1246
1253
1262
1269
1275
1286
129
1295
1306
1318
1325
1346
135
1360
1382
1384
1399
1407
1415
142
1425
1433
1439
1452
146
1463
1470
1482
1489
1493
1495
150
1506
1518
1528
1536
154
1547
1552
1557
1562
1566
1569
1572
1574
158
1584
1593
1601
1608
1618
1624
1631
1637
1644
1654
1665
1668
167
1677
1680
1689
1700
1711
1719
1731
1742
176
1761
1773
1782
1799
1819
182
1844
1859
186
1869
1871
1886
1887
189
1896
1909
1918
1927
1933
1945
1952
1959
197
1972
1986
2
2002
2020
2036
204
2044
2051
2054
2071
208
2084
2097
2100
2140
2141
215
2157
2182
2191
2195
2209
2223
223
2236
2250
2262
2276
2287
229
2299
2304
2311
2318
2325
2331
2339
2345
2354
2356
236
2362
237
2378
2390
24
2400
2420
2440
2451
2458
2465
2472
2495
250
2505
2516
2520
2532
2538
2553
2562
2575
2595
2617
2632
2635
2652
2656
2661
2668
267
2675
2690
2694
2700
2711
2719
2726
2737
2749
2753
2762
2776
281
2824
2827
2841
284688
284689
284690
284691
2851
285117
285236
285237
285238
285254
285257
285294
285297
285322
285323
285324
285328
2861
2868
2884
2887
2899
2908
291
2927
2932
2943
295
2961
2967
2976
2982
2994
3000
3016
3023
3034
3044
305
3053
3070
3084
3093
3121
3141
3153
316
3164
331
339
342
351
359
379
388
39
394
407
416
426
433
443
449
456
464
469
476
489
500
511
52
523
534
537
546
553
562
565
582
584
597
603
611
622
629
632
641
645
650
657
664
669
679
690
699
708
713
720
732
744
756
776
787
795
809
816
822
825
830
837
841
848
861
873
877
886
892
895
900
905
917
923
933
94
940
951
959
965
974
979
991
