41735973204
42886461878
43484093857
43945951400
43946263386
44007965489
44021456458
44035520110
44047363452
44109273073
44121928524
44183135367
44361927234
44428321156
44448556481
520120525716
520413515198
520424204339
520636138918
520649712121
520697458958
520710730582
520716721772
520813382412
520847501559
520916389118
520955601262
520970357724
520978586998
521043499269
521047971317
521057995159
521063399640
521064789747
10565970686
14178852043
17038974104
20319053154
26614332220
27370528064
36658282911
40465346247
40469309214
40560050368
40635600010
41298374050
41626645168
41635260161